1170 26628 11383 
28449 11815 16325 
9898 11339 2282 
9556 11254 5862 
21214 18954 10989 
16975 17996 14609 
22165 20518 17328 
13917 8048 17811 
24055 17658 2110 
2714 22241 28455 
1769 9809 97 
4880 1244 17442 
19025 21629 16525 
8620 10773 11756 
18239 6707 21709 
6959 14705 1178 
948 4867 25535 
5937 20156 24042 
2664 3018 4254 
2609 28106 20051 
24958 25064 18674 
20138 28074 10019 
8229 28150 30249 
10554 14294 18993 
4638 5515 16594 
24500 20112 10822 
11508 27538 20966 
15877 7623 2830 
13920 16721 6713 
21331 19071 28925 
8577 4766 16670 
17975 20188 9527 
21195 1894 23449 
21565 10559 5680 
17928 6870 7467 
24594 24350 20200 
26825 3381 1556 
3460 11417 26953 
4340 29717 10658 
2873 26362 20115 
1506 25412 17348 
11208 7656 16069 
26503 19720 3505 
4197 10840 29300 
28001 20946 16767 
9411 3881 6499 
7297 10038 18248 
29219 9503 5384 
19981 24551 24051 
15950 28789 14713 
28876 15044 26414 
4820 2996 15072 
24523 17720 13548 
14011 4299 4946 
1001 2322 26366 
27918 18715 703 
7888 28276 26537 
4349 3438 3388 
9538 2892 5659 
21425 23117 15304 
8005 26464 3037 
20047 19392 28427 
5566 12017 2785 
18093 3043 26097 
29218 24086 25284 
11857 18885 12106 
10033 27217 27780 
15063 15998 10512 
16804 15799 28556 
28485 8739 10659 
16917 16920 13967 
16004 22987 19812 
29615 16552 11002 
11446 27137 19185 
4310 16514 13312 
23832 13938 24101 
13201 20905 6109 
12286 26708 26488 
18590 19253 8220 
23966 12736 22201 
17822 25797 16697 
21946 18253 7424 
3160 5111 10539 
14004 26061 14137 
20707 2418 25359 
1735 21761 6179 
12963 18550 6916 
5985 3026 12048 
23278 10833 11709 
9086 24592 6706 
26714 17871 2541 
10562 15588 7636 
5502 22977 9102 
28983 6090 21864 
27102 6434 16336 
8713 26262 8006 
28386 28203 9642 
11649 16485 19909 
1254 4054 7734 
13859 8252 19183 
6026 6138 12051 
28943 18240 25615 
21033 9181 25048 
29444 2437 7655 
14501 7528 23821 
14832 14412 21874 
25912 22110 20247 
9330 28193 15404 
7478 11179 224 
28580 12263 1125 
18043 25491 22430 
2471 28572 15035 
29175 747 23472 
532 1845 846 
28900 12047 25492 
6400 22040 22542 
14962 13017 12558 
15247 14615 19129 
12695 21531 8958 
19250 24770 20797 
27790 21872 4729 
6141 22157 21585 
2702 15269 27459 
25810 12803 23457 
17693 16438 12679 
18244 11337 8014 
8846 8625 6160 
7983 28998 6988 
27260 3179 22328 
16453 11613 3889 
1926 28678 383 
3265 28759 29801 
24656 3672 20232 
10889 21863 20118 
15570 5717 9869 
12918 2551 19364 
29199 22668 24492 
6774 12975 22271 
7001 22706 21435 
24860 11941 16680 
22672 8313 18045 
2858 3790 24311 
27371 1352 21079 
10922 20716 21508 
714 19622 8943 
649 8574 13266 
5141 21490 3182 
14525 18173 11233 
2862 5242 26109 
18985 5892 24682 
216 1890 16799 
16581 14208 29415 
18362 1852 17598 
16102 29976 22718 
26497 15944 23492 
21763 10108 25446 
6947 7608 28 
9727 2293 3830 
4101 14504 21911 
6869 12799 26837 
1669 2864 22024 
18540 20546 13899 
30140 10292 30076 
30182 19446 27460 
6217 30247 15711 
22601 14363 30084 
17112 6847 1091 
2167 11307 23324 
21245 27259 1578 
21329 9902 9248 
13526 24776 25139 
19352 6131 12989 
30282 1908 26868 
19685 17330 10967 
17621 12980 5079 
4320 10674 26660 
10810 16639 17151 
20887 19653 9966 
28692 3950 24698 
17951 13505 26684 
10181 2997 6392 
23303 28033 3808 
2692 14497 12683 
5401 24158 10445 
13364 12801 2119 
19299 570 13012 
27100 16764 2487 
6015 4029 18553 
21742 11746 6937 
21848 29356 1711 
5936 28849 1901 
10564 1048 16233 
970 6165 4957 
22 26112 15227 
23522 6998 6867 
14750 15619 25616 
29025 27602 23554 
12112 17942 14306 
28599 20154 15366 
3823 16548 29400 
8287 800 7065 
5070 28886 26059 
8135 20949 22463 
11404 10969 3904 
22599 8322 22098 
23970 5833 23965 
6824 10483 6398 
16916 20080 7784 
245 16702 12421 
23989 13167 1591 
28366 9621 452 
10171 29624 11470 
25949 29559 25730 
5164 11528 20704 
1639 15283 17362 
20794 22581 18229 
11529 14244 1582 
20152 9791 23867 
1612 27989 6597 
20150 18824 5270 
28998 21270 14939 
4708 7688 19189 
10586 4955 6980 
16895 86 11350 
1798 11205 23235 
29048 6438 12811 
7436 23080 6106 
15670 4568 29346 
29508 24602 9108 
11432 27621 21597 
23441 10427 26883 
9765 5748 9140 
6302 22934 27164 
8650 1381 14601 
22396 19433 27506 
29213 13606 27208 
716 23220 5180 
28799 11702 8098 
25220 25228 2882 
29124 12328 13067 
11444 1443 21661 
20128 15134 22801 
5841 10195 18675 
28157 6030 18668 
23184 16370 7474 
25404 23936 27444 
12448 8461 17451 
14086 19039 13923 
25356 7189 11962 
30034 11609 21596 
20515 25357 28277 
15214 7114 16194 
3603 22736 2287 
8896 27862 2610 
9775 8696 2591 
25346 22628 23334 
2515 2922 12806 
15769 23667 27462 
21017 4239 16620 
19207 16302 4199 
14422 11420 28241 
25468 30019 27956 
11353 17269 3689 
14357 27253 26115 
12802 10476 1396 
3120 6920 7536 
10231 4430 7166 
22891 16655 982 
5950 4458 12977 
3943 19138 30196 
23468 23909 4348 
2557 23477 15480 
19404 3593 23736 
10989 10508 30125 
29236 17694 17603 
3762 7192 9739 
12519 16303 12424 
29774 24405 11400 
9500 29623 10854 
12221 24466 21439 
24653 6491 3384 
16451 12441 19181 
22563 19501 9429 
21080 26763 6689 
101 28070 195 
7586 22393 16576 
3842 29888 5458 
7230 22321 27137 
10143 6186 5410 
5024 4066 12907 
10305 22643 433 
20059 24895 2102 
13977 13556 3650 
17211 22476 12842 
20579 1647 26590 
23915 9876 19686 
8623 9349 10741 
23896 19929 11431 
14070 3034 8517 
24456 14540 21021 
16893 23939 19765 
15604 4759 25791 
18772 4811 23586 
28172 26655 12762 
13601 16055 17601 
15880 11181 23665 
19232 807 10208 
24850 24384 4996 
4890 261 5163 
7962 6269 21153 
24264 24006 11733 
19247 29007 12553 
8922 17971 29402 
11016 13571 5669 
25866 27496 10344 
18699 15786 10984 
29054 12772 10675 
13871 15008 8713 
676 3019 23662 
30000 28857 12090 
9852 10918 27733 
10025 18604 12023 
14728 19208 19425 
855 6118 152 
22203 19775 4286 
20242 21273 21217 
1517 20725 19867 
18834 11288 9312 
4277 13537 27780 
9694 22860 4247 
27929 1358 9183 
16725 10547 9431 
4773 6295 692 
27547 24454 12318 
25765 2523 6282 
21105 19758 185 
1338 7637 1295 
963 27599 14463 
752 28888 27126 
16659 6112 192 
14653 20095 28030 
526 17997 13820 
15827 11445 19600 
8209 26782 26169 
27105 24934 24629 
17605 26560 10022 
3230 26319 4292 
5388 2017 1842 
14099 9961 26278 
14034 9952 22727 
25168 14186 17743 
11149 19822 22692 
8984 9691 2575 
21289 27032 17629 
21088 28427 13942 
203 15420 5088 
28430 23157 6589 
17892 25086 18718 
336 11227 20613 
24419 1075 8806 
15156 4411 9269 
3275 2725 4881 
1015 13625 15635 
3728 12466 26986 
4922 17747 27619 
11601 16844 12863 
932 24388 17772 
19530 5529 6328 
1125 27370 22045 
7887 21857 20861 
26615 15623 17534 
19996 19610 1959 
28173 16838 14557 
1383 24625 18363 
24823 7721 1385 
26119 9252 469 
10355 1688 29978 
30298 5405 26062 
2055 12036 2522 
5961 7853 9677 
25278 25797 23078 
4091 29877 17355 
15959 3368 20566 
14822 2657 20954 
10535 29228 7591 
5408 16145 9885 
22286 14834 8416 
12708 18324 21248 
6986 20337 14923 
13709 22772 8467 
841 20751 10226 
20574 7346 665 
27717 9995 27329 
7357 2586 2584 
7801 8105 25131 
21458 19970 28113 
8553 15516 5087 
21618 15716 29776 
5952 28796 20743 
4577 1834 18734 
17477 24987 10655 
28409 16789 7937 
25155 23254 7211 
7990 3404 2632 
19477 20560 24480 
206 16803 16770 
19044 2830 13786 
23335 27447 25144 
2332 19313 22263 
15407 22433 21024 
11270 24153 5561 
5881 17040 24734 
24737 11493 4381 
21682 5572 22800 
15409 1212 12937 
11844 25395 26765 
28196 8338 525 
30217 10080 26409 
9340 10821 18640 
16219 28494 8002 
3683 19153 21723 
9488 5432 10817 
13120 16845 12168 
16226 14906 5595 
9671 11120 22395 
15739 4023 15535 
10697 24981 24167 
25299 8689 24676 
30191 11664 14688 
774 5013 26801 
4692 8880 15842 
9149 22961 4596 
2394 21996 7698 
16337 27782 6502 
11023 23562 1170 
14700 26948 24807 
5256 25869 20318 
20609 8091 8670 
20988 23484 19213 
21431 10135 29468 
29018 15304 6525 
29604 13445 16622 
25137 16701 8770 
17589 17729 14988 
9316 7326 17238 
30032 27299 7457 
451 10132 23000 
23577 18288 11736 
21233 12428 4336 
23096 10201 22278 
5945 4297 21424 
7822 24966 19137 
17610 4402 20082 
7530 21558 23605 
3698 2579 28190 
21571 25676 20268 
9434 972 21131 
22148 17656 247 
10450 14651 6757 
163 15413 3792 
5174 17657 20282 
27567 5981 3670 
12268 19937 11640 
20698 25473 13196 
15311 26836 28986 
16864 28502 28578 
13063 2070 14084 
16380 17349 21748 
6524 15793 2701 
16306 2672 23648 
13661 20741 8335 
29817 25951 25840 
27541 28712 20371 
932 21860 22685 
15277 8380 12105 
4136 8066 8099 
17704 15871 431 
8942 9678 17546 
18047 10061 13095 
28589 9913 19458 
10526 26152 25415 
6356 19078 21796 
22737 16938 8612 
7849 8698 8724 
24391 7768 13776 
9898 8758 8895 
11648 3336 8596 
4731 21456 24454 
7922 14459 18939 
28490 25364 1567 
21704 9943 1488 
22120 3468 29836 
9501 21869 4190 
6926 3169 21440 
28632 14889 19936 
28315 18557 23181 
14897 22783 10946 
19570 4954 15462 
26170 26870 26414 
8174 5320 22431 
21046 26940 58 
7803 12557 2709 
7584 1406 29118 
14006 1159 6060 
11169 10064 418 
16518 27316 8008 
296 16917 22565 
6831 17941 2542 
3243 2477 12841 
11149 25048 2280 
20845 7284 6811 
26712 1360 7248 
27810 22934 4979 
14443 21014 10490 
27027 15443 25842 
28521 20690 12822 
12789 5162 16333 
17078 1368 12508 
16242 14419 18408 
8451 25457 16006 
3056 12175 11987 
16947 23774 19688 
6144 29131 9352 
1748 18067 8832 
5198 5321 5179 
23534 9679 6470 
25234 4722 6081 
26512 8951 12551 
9840 4131 28319 
24150 24996 19476 
4041 15979 23573 
29674 26469 26387 
18889 13107 22085 
24565 267 15544 
2818 15178 27678 
20328 16642 16298 
5276 25607 20175 
17821 21133 17118 
11566 20706 8773 
28418 13752 12859 
18120 28809 20924 
7866 17538 26893 
3565 104 11463 
3777 7464 28070 
2277 19529 10437 
2052 26620 9670 
12881 13423 21266 
23841 22233 22707 
20143 502 17305 
24520 19809 3739 
14046 334 19477 
15909 20355 3785 
23975 25523 5572 
27213 3343 25737 
7357 29173 24298 
19983 22428 3931 
258 19613 26707 
2776 19924 16966 
19659 24507 16610 
1430 16330 10433 
14946 14518 26864 
538 26658 28646 
5100 18592 17817 
27654 24320 25348 
18770 20047 15872 
483 18740 386 
13582 19176 17215 
25118 4416 11642 
29787 26371 17716 
2177 17567 15322 
19588 21464 12088 
16601 22078 13877 
23016 17275 21527 
6920 4419 18317 
20661 17321 25522 
30104 24622 21236 
13975 21135 14017 
28198 24650 611 
24266 17627 2843 
3969 30292 13766 
17276 10346 29721 
27291 6659 9558 
26442 11922 23258 
25247 10129 25353 
13676 25812 20610 
6857 6636 11573 
21712 1756 24815 
15571 4375 12059 
14095 15950 6116 
22689 7158 27973 
26348 12641 22076 
28394 21732 27388 
1015 24149 16358 
29786 2673 10161 
18684 20715 14719 
17152 21223 4277 
15794 20678 16169 
19257 24941 12692 
1457 9860 28076 
21222 27829 8403 
16476 18176 29168 
16599 9349 25206 
10705 1965 21856 
612 26767 22497 
18338 5980 29883 
13969 23403 28791 
20797 10514 15802 
16549 11575 6022 
20869 741 20695 
10146 26695 8091 
10819 20779 5981 
8901 326 13767 
5504 21143 9753 
17322 21801 15408 
19632 29913 21392 
4930 35 19056 
21269 321 10109 
5164 27922 5983 
20997 21217 2328 
2365 11071 13170 
23167 23525 24558 
20578 7562 1092 
5347 19971 26473 
15372 24571 26979 
15721 9518 27118 
2247 15865 6153 
25295 11473 20590 
20907 9102 24553 
3622 10076 7144 
30160 29449 26483 
9183 11847 12863 
27430 3544 11579 
11709 14856 17432 
27522 14721 16609 
11512 28744 2453 
22075 2116 14178 
17347 13673 30209 
3632 4720 7845 
26508 20282 18273 
18406 27091 13328 
27300 26124 15432 
16568 16 26852 
6709 9834 13870 
20237 9624 17180 
14702 8839 2411 
23435 2678 29265 
17884 12806 29622 
23953 23828 9773 
8108 19099 22792 
11246 11305 10925 
25237 8167 29966 
26547 1766 11863 
560 20913 8471 
20746 958 28318 
1305 18223 3658 
1689 353 2223 
22144 22768 8246 
27018 24442 3533 
12285 17194 3168 
4118 7847 14415 
29872 13267 29482 
7678 20775 11832 
15218 5296 29985 
4607 17238 28927 
13253 8413 10103 
14925 14193 10298 
10958 16438 3800 
13726 7799 17094 
19853 16148 11024 
29034 25990 16056 
27194 2556 8503 
17229 27278 23256 
17913 9446 9435 
9192 19666 27762 
17871 18762 28284 
9656 14710 8539 
19927 8804 3942 
11381 7305 8212 
28997 23685 14932 
28826 19498 7128 
29282 800 9723 
28215 4249 10297 
1646 7074 15465 
8806 15595 5788 
25426 11159 13803 
4537 13406 10991 
23230 2444 29625 
5159 23861 27476 
20528 4659 29011 
7665 14854 27689 
29019 8521 20070 
3956 5814 20419 
2685 25075 15778 
30176 24795 5144 
20703 13391 27037 
25954 15237 2786 
7488 1215 16886 
21543 21876 24966 
11889 7924 657 
24135 6647 5829 
24086 9281 14700 
27503 13745 21715 
29789 15358 28887 
4837 25593 18072 
108 13188 9258 
8426 8702 2739 
18738 29859 1210 
5673 22852 12027 
4998 17566 3347 
22290 16485 3289 
11527 20311 636 
18722 14598 20758 
20129 23807 12121 
25174 7812 29544 
12476 8727 17198 
18728 26959 24978 
12252 21620 4789 
22992 3866 232 
9888 4661 5516 
1046 4328 21115 
13417 10191 9000 
18509 24338 13824 
11468 25989 25831 
6010 18669 2467 
3796 14750 28006 
14191 19535 6281 
6059 10048 21618 
25852 20283 12077 
30213 29151 25338 
21232 2121 6118 
5112 18789 13305 
4149 22002 22141 
85 27337 14907 
4470 14216 4749 
15798 9878 14442 
3962 27389 13652 
11852 2677 23615 
30136 5491 11882 
12405 11114 21295 
27753 8700 23813 
22154 25330 8822 
8337 10018 27460 
9806 16566 1878 
15351 927 25749 
22335 3428 20400 
6308 25030 8536 
7521 22420 22931 
14211 8455 25557 
2721 20945 1321 
24227 22661 17653 
10304 13471 24546 
26062 21417 20888 
16356 15220 28304 
29704 19378 29513 
24152 11995 25015 
22597 9319 17155 
27602 4038 14579 
7373 8029 19351 
9357 23700 12685 
5672 28588 10716 
25026 12141 14815 
22695 13344 23458 
19649 9230 29531 
15282 13689 6977 
5194 21658 21905 
562 28493 23862 
21800 2812 13214 
27921 290 2310 
6917 1669 28336 
19465 12260 21480 
29809 20099 16341 
21768 28448 25400 
16440 8542 17139 
19565 18879 13459 
6255 23958 19298 
17281 20753 25659 
18593 20601 9056 
29003 4556 15027 
15926 17154 25960 
10115 2485 29450 
11607 24116 3669 
8223 10458 26527 
15135 10549 20417 
27021 19855 13751 
13529 1153 13399 
27863 19590 28650 
19040 28622 24699 
17829 18957 15861 
248 11232 14145 
1627 1801 2922 
27002 28074 21590 
938 12236 17259 
29225 15675 3729 
21196 21906 6782 
27399 13021 21397 
26303 11531 5047 
3999 14355 18699 
29928 7950 27280 
690 3297 28543 
